LatMin = 51.652111;
LongMin = -0.824833;
LatMax = 53.047818;
LongMax = 1.807251;